SRSF1	A	C	G	T
[1]	-1.14	1.37	-0.21	-1.58
[2]	0.62	-1.1	0.17	-0.5
[3]	-1.58	0.73	0.48	-1.58
[4]	1.32	0.33	-1.58	-1.13
[5]	-1.58	0.94	0.33	-1.58
[6]	-1.58	-1.58	0.99	-1.13
[7]	0.62	-1.58	-0.11	0.27
SRSF2	A	C	G	T
[1]	-0.88	-1.16	0.87	-1.18
[2]	0.09	-1.58	0.45	-0.2
[3]	-0.06	0.95	-1.36	0.38
[4]	-1.58	1.11	-1.58	0.88
[5]	0.09	0.56	-0.33	-0.2
[6]	-0.41	0.86	-0.05	-0.86
[7]	-0.06	0.32	-1.36	0.96
[8]	0.23	-1.58	0.68	-1.58
SRSF5	A	C	G	T
[1]	-0.13	0.56	-1.58	0.92
[2]	-1.58	0.68	-0.14	0.37
[3]	1.28	-1.12	-1.33	0.23
[4]	-0.33	1.24	-0.48	-1.14
[5]	0.97	-0.77	-1.58	0.72
[6]	-0.13	0.13	0.44	-1.58
[7]	-1.58	-0.05	0.8	-1.58
SRSF6	A	C	G	T
[1]	-0.66	0.39	-1.58	1.22
[2]	0.11	-1.58	0.72	-1.58
[3]	-0.66	1.48	-1.58	-0.07
[4]	0.11	-1.58	0.72	-1.58
[5]	-1.58	-1.58	0.21	1.02
[6]	0.61	0.98	-0.79	-1.58
